V 54
K 1
D 0 -14986000 7620000 0
Y 1
U 7239000 762000 254000 0 2 3 REFDES=IC?
U 7239000 508000 254000 0 2 3 DEVICE=GM02SP
U 7239000 254000 254000 0 2 0 PKG_TYPE=GM02SP
U 7239000 0 254000 0 2 0 Description=MONARCH 2 LTE M/NB-IOT WITH GNSS
U 7239000 -254000 254000 0 2 0 Datasheet Link=https://fccid.io/2AAGMGM02S/User-Manual/User-manual-v2-5084773.pdf
U 7239000 -508000 254000 0 2 0 Height=
U 7239000 -762000 254000 0 2 0 Manufacturer_Name=Sequans
U 7239000 -1016000 254000 0 2 0 Manufacturer_Part_Number=GM02SP
U 7239000 -1270000 254000 0 2 0 Mouser Part Number=440-GM02SP
U 7239000 -1524000 254000 0 2 0 Mouser Price/Stock=https://www.mouser.co.uk/ProductDetail/Sequans/GM02SP?qs=1Kr7Jg1SGW%252BxgXvT7tnerA%3D%3D
U 7239000 -1778000 254000 0 2 0 Arrow Part Number=
U 7239000 -2032000 254000 0 2 0 Arrow Price/Stock=
U 0 0 254000 0 1 0 FORWARD_PCB=1
l 5 508000 254000 7112000 254000 7112000 -15240000 508000 -15240000 508000 254000
|GRPHSTL -1 -1 -1 1
P 1 0 0 508000 0 0 2 0
L 584200 0 228600 0 2 0 1 0 GND_1
A 355600 50800 203200 0 9 3 #=1
A 0 0 9 0 3 0 PINTYPE=BI
P 2 0 -254000 508000 -254000 0 2 0
L 584200 -254000 228600 0 2 0 1 0 GPIO9/_SPI_CLK
A 355600 -203200 203200 0 9 3 #=2
A 0 0 9 0 3 0 PINTYPE=BI
P 3 0 -508000 508000 -508000 0 2 0
L 584200 -508000 228600 0 2 0 1 0 GPIO7/_SPI_SDI
A 355600 -457200 203200 0 9 3 #=3
A 0 0 9 0 3 0 PINTYPE=BI
P 4 0 -762000 508000 -762000 0 2 0
L 584200 -762000 228600 0 2 0 1 0 GPIO8/_SPI_SDO
A 355600 -711200 203200 0 9 3 #=4
A 0 0 9 0 3 0 PINTYPE=BI
P 5 0 -1016000 508000 -1016000 0 2 0
L 584200 -1016000 228600 0 2 0 1 0 GPIO10/_SPI_CSN1
A 355600 -965200 203200 0 9 3 #=5
A 0 0 9 0 3 0 PINTYPE=BI
P 6 0 -1270000 508000 -1270000 0 2 0
L 584200 -1270000 228600 0 2 0 1 0 GND_2
A 355600 -1219200 203200 0 9 3 #=6
A 0 0 9 0 3 0 PINTYPE=BI
P 7 0 -1524000 508000 -1524000 0 2 0
L 584200 -1524000 228600 0 2 0 1 0 GPIO11/_SPI_CSN2
A 355600 -1473200 203200 0 9 3 #=7
A 0 0 9 0 3 0 PINTYPE=BI
P 8 0 -1778000 508000 -1778000 0 2 0
L 584200 -1778000 228600 0 2 0 1 0 1V8
A 355600 -1727200 203200 0 9 3 #=8
A 0 0 9 0 3 0 PINTYPE=BI
P 9 0 -2032000 508000 -2032000 0 2 0
L 584200 -2032000 228600 0 2 0 1 0 GPIO33/_TX_IND
A 355600 -1981200 203200 0 9 3 #=9
A 0 0 9 0 3 0 PINTYPE=BI
P 10 0 -2286000 508000 -2286000 0 2 0
L 584200 -2286000 228600 0 2 0 1 0 GPIO34/_ANT_TUNE0
A 355600 -2235200 203200 0 9 3 #=10
A 0 0 9 0 3 0 PINTYPE=BI
P 11 0 -2540000 508000 -2540000 0 2 0
L 584200 -2540000 228600 0 2 0 1 0 GPIO35/_ANT_TUNE1
A 355600 -2489200 203200 0 9 3 #=11
A 0 0 9 0 3 0 PINTYPE=BI
P 12 0 -2794000 508000 -2794000 0 2 0
L 584200 -2794000 228600 0 2 0 1 0 GPIO1/_STATUS_LED
A 355600 -2743200 203200 0 9 3 #=12
A 0 0 9 0 3 0 PINTYPE=BI
P 13 0 -3048000 508000 -3048000 0 2 0
L 584200 -3048000 228600 0 2 0 1 0 GPIO2/_PS_STATUS
A 355600 -2997200 203200 0 9 3 #=13
A 0 0 9 0 3 0 PINTYPE=BI
P 14 0 -3302000 508000 -3302000 0 2 0
L 584200 -3302000 228600 0 2 0 1 0 GPIO28/_DTR0
A 355600 -3251200 203200 0 9 3 #=14
A 0 0 9 0 3 0 PINTYPE=BI
P 15 0 -3556000 508000 -3556000 0 2 0
L 584200 -3556000 228600 0 2 0 1 0 DNC_1
A 355600 -3505200 203200 0 9 3 #=15
A 0 0 9 0 3 0 PINTYPE=BI
P 16 0 -3810000 508000 -3810000 0 2 0
L 584200 -3810000 228600 0 2 0 1 0 RING0
A 355600 -3759200 203200 0 9 3 #=16
A 0 0 9 0 3 0 PINTYPE=BI
P 17 0 -4064000 508000 -4064000 0 2 0
L 584200 -4064000 228600 0 2 0 1 0 DNC_2
A 355600 -4013200 203200 0 9 3 #=17
A 0 0 9 0 3 0 PINTYPE=BI
P 18 0 -4318000 508000 -4318000 0 2 0
L 584200 -4318000 228600 0 2 0 1 0 GPIO32/_PWM1/_PULSE1
A 355600 -4267200 203200 0 9 3 #=18
A 0 0 9 0 3 0 PINTYPE=BI
P 19 0 -4572000 508000 -4572000 0 2 0
L 584200 -4572000 228600 0 2 0 1 0 GPIO31/_PWM0/_PULSE0/_19M2_OUT
A 355600 -4521200 203200 0 9 3 #=19
A 0 0 9 0 3 0 PINTYPE=BI
P 20 0 -4826000 508000 -4826000 0 2 0
L 584200 -4826000 228600 0 2 0 1 0 RESERVED/_FFF_FFH
A 355600 -4775200 203200 0 9 3 #=20
A 0 0 9 0 3 0 PINTYPE=BI
P 21 0 -5080000 508000 -5080000 0 2 0
L 584200 -5080000 228600 0 2 0 1 0 GPIO21/CTS3
A 355600 -5029200 203200 0 9 3 #=21
A 0 0 9 0 3 0 PINTYPE=BI
P 22 0 -5334000 508000 -5334000 0 2 0
L 584200 -5334000 228600 0 2 0 1 0 GPIO20/RXD3
A 355600 -5283200 203200 0 9 3 #=22
A 0 0 9 0 3 0 PINTYPE=BI
P 23 0 -5588000 508000 -5588000 0 2 0
L 584200 -5588000 228600 0 2 0 1 0 GPIO22/RTS3
A 355600 -5537200 203200 0 9 3 #=23
A 0 0 9 0 3 0 PINTYPE=BI
P 24 0 -5842000 508000 -5842000 0 2 0
L 584200 -5842000 228600 0 2 0 1 0 GPIO19/TXD3
A 355600 -5791200 203200 0 9 3 #=24
A 0 0 9 0 3 0 PINTYPE=BI
P 25 0 -6096000 508000 -6096000 0 2 0
L 584200 -6096000 228600 0 2 0 1 0 GPIO18/_RTS2/DSR0
A 355600 -6045200 203200 0 9 3 #=25
A 0 0 9 0 3 0 PINTYPE=BI
P 26 0 -6350000 508000 -6350000 0 2 0
L 584200 -6350000 228600 0 2 0 1 0 GPIO16/RXD2
A 355600 -6299200 203200 0 9 3 #=26
A 0 0 9 0 3 0 PINTYPE=BI
P 27 0 -6604000 508000 -6604000 0 2 0
L 584200 -6604000 228600 0 2 0 1 0 GPIO17/_CTS2/DCD0
A 355600 -6553200 203200 0 9 3 #=27
A 0 0 9 0 3 0 PINTYPE=BI
P 28 0 -6858000 508000 -6858000 0 2 0
L 584200 -6858000 228600 0 2 0 1 0 GPIO15/TXD2
A 355600 -6807200 203200 0 9 3 #=28
A 0 0 9 0 3 0 PINTYPE=BI
P 29 0 -7112000 508000 -7112000 0 2 0
L 584200 -7112000 228600 0 2 0 1 0 RTS1
A 355600 -7061200 203200 0 9 3 #=29
A 0 0 9 0 3 0 PINTYPE=BI
P 30 0 -7366000 508000 -7366000 0 2 0
L 584200 -7366000 228600 0 2 0 1 0 RXD1
A 355600 -7315200 203200 0 9 3 #=30
A 0 0 9 0 3 0 PINTYPE=BI
P 31 0 -7620000 508000 -7620000 0 2 0
L 584200 -7620000 228600 0 2 0 1 0 CTS1
A 355600 -7569200 203200 0 9 3 #=31
A 0 0 9 0 3 0 PINTYPE=BI
P 32 0 -7874000 508000 -7874000 0 2 0
L 584200 -7874000 228600 0 2 0 1 0 TXD1
A 355600 -7823200 203200 0 9 3 #=32
A 0 0 9 0 3 0 PINTYPE=BI
P 33 0 -8128000 508000 -8128000 0 2 0
L 584200 -8128000 228600 0 2 0 1 0 RTS0
A 355600 -8077200 203200 0 9 3 #=33
A 0 0 9 0 3 0 PINTYPE=BI
P 34 0 -8382000 508000 -8382000 0 2 0
L 584200 -8382000 228600 0 2 0 1 0 GPIO13/RXD0
A 355600 -8331200 203200 0 9 3 #=34
A 0 0 9 0 3 0 PINTYPE=BI
P 35 0 -8636000 508000 -8636000 0 2 0
L 584200 -8636000 228600 0 2 0 1 0 GPIO14/CTS0
A 355600 -8585200 203200 0 9 3 #=35
A 0 0 9 0 3 0 PINTYPE=BI
P 36 0 -8890000 508000 -8890000 0 2 0
L 584200 -8890000 228600 0 2 0 1 0 GPIO12/TXD0
A 355600 -8839200 203200 0 9 3 #=36
A 0 0 9 0 3 0 PINTYPE=BI
P 37 0 -9144000 508000 -9144000 0 2 0
L 584200 -9144000 228600 0 2 0 1 0 GND_3
A 355600 -9093200 203200 0 9 3 #=37
A 0 0 9 0 3 0 PINTYPE=BI
P 38 0 -9398000 508000 -9398000 0 2 0
L 584200 -9398000 228600 0 2 0 1 0 GND_4
A 355600 -9347200 203200 0 9 3 #=38
A 0 0 9 0 3 0 PINTYPE=BI
P 39 0 -9652000 508000 -9652000 0 2 0
L 584200 -9652000 228600 0 2 0 1 0 GPIO25/SIM1_IO
A 355600 -9601200 203200 0 9 3 #=39
A 0 0 9 0 3 0 PINTYPE=BI
P 40 0 -9906000 508000 -9906000 0 2 0
L 584200 -9906000 228600 0 2 0 1 0 GPIO26/SIM1_CLK
A 355600 -9855200 203200 0 9 3 #=40
A 0 0 9 0 3 0 PINTYPE=BI
P 41 0 -10160000 508000 -10160000 0 2 0
L 584200 -10160000 228600 0 2 0 1 0 GPIO27/SIM1_RESETN
A 355600 -10109200 203200 0 9 3 #=41
A 0 0 9 0 3 0 PINTYPE=BI
P 42 0 -10414000 508000 -10414000 0 2 0
L 584200 -10414000 228600 0 2 0 1 0 SIM0_CLK
A 355600 -10363200 203200 0 9 3 #=42
A 0 0 9 0 3 0 PINTYPE=BI
P 43 0 -10668000 508000 -10668000 0 2 0
L 584200 -10668000 228600 0 2 0 1 0 SIM0_RSTN
A 355600 -10617200 203200 0 9 3 #=43
A 0 0 9 0 3 0 PINTYPE=BI
P 44 0 -10922000 508000 -10922000 0 2 0
L 584200 -10922000 228600 0 2 0 1 0 SIM0_IO
A 355600 -10871200 203200 0 9 3 #=44
A 0 0 9 0 3 0 PINTYPE=BI
P 45 0 -11176000 508000 -11176000 0 2 0
L 584200 -11176000 228600 0 2 0 1 0 SIM0_DETECT
A 355600 -11125200 203200 0 9 3 #=45
A 0 0 9 0 3 0 PINTYPE=BI
P 46 0 -11430000 508000 -11430000 0 2 0
L 584200 -11430000 228600 0 2 0 1 0 RESETN
A 355600 -11379200 203200 0 9 3 #=46
A 0 0 9 0 3 0 PINTYPE=BI
P 47 0 -11684000 508000 -11684000 0 2 0
L 584200 -11684000 228600 0 2 0 1 0 WAKE1
A 355600 -11633200 203200 0 9 3 #=47
A 0 0 9 0 3 0 PINTYPE=BI
P 48 0 -11938000 508000 -11938000 0 2 0
L 584200 -11938000 228600 0 2 0 1 0 WAKE0
A 355600 -11887200 203200 0 9 3 #=48
A 0 0 9 0 3 0 PINTYPE=BI
P 49 0 -12192000 508000 -12192000 0 2 0
L 584200 -12192000 228600 0 2 0 1 0 WAKE2
A 355600 -12141200 203200 0 9 3 #=49
A 0 0 9 0 3 0 PINTYPE=BI
P 50 0 -12446000 508000 -12446000 0 2 0
L 584200 -12446000 228600 0 2 0 1 0 GND_5
A 355600 -12395200 203200 0 9 3 #=50
A 0 0 9 0 3 0 PINTYPE=BI
P 51 0 -12700000 508000 -12700000 0 2 0
L 584200 -12700000 228600 0 2 0 1 0 GND_6
A 355600 -12649200 203200 0 9 3 #=51
A 0 0 9 0 3 0 PINTYPE=BI
P 52 0 -12954000 508000 -12954000 0 2 0
L 584200 -12954000 228600 0 2 0 1 0 GND_7
A 355600 -12903200 203200 0 9 3 #=52
A 0 0 9 0 3 0 PINTYPE=BI
P 53 0 -13208000 508000 -13208000 0 2 0
L 584200 -13208000 228600 0 2 0 1 0 DNC_3
A 355600 -13157200 203200 0 9 3 #=53
A 0 0 9 0 3 0 PINTYPE=BI
P 54 0 -13462000 508000 -13462000 0 2 0
L 584200 -13462000 228600 0 2 0 1 0 GND_8
A 355600 -13411200 203200 0 9 3 #=54
A 0 0 9 0 3 0 PINTYPE=BI
P 55 0 -13716000 508000 -13716000 0 2 0
L 584200 -13716000 228600 0 2 0 1 0 WAKE3
A 355600 -13665200 203200 0 9 3 #=55
A 0 0 9 0 3 0 PINTYPE=BI
P 56 0 -13970000 508000 -13970000 0 2 0
L 584200 -13970000 228600 0 2 0 1 0 GND_9
A 355600 -13919200 203200 0 9 3 #=56
A 0 0 9 0 3 0 PINTYPE=BI
P 57 0 -14224000 508000 -14224000 0 2 0
L 584200 -14224000 228600 0 2 0 1 0 WAKE4
A 355600 -14173200 203200 0 9 3 #=57
A 0 0 9 0 3 0 PINTYPE=BI
P 58 0 -14478000 508000 -14478000 0 2 0
L 584200 -14478000 228600 0 2 0 1 0 GND_10
A 355600 -14427200 203200 0 9 3 #=58
A 0 0 9 0 3 0 PINTYPE=BI
P 59 0 -14732000 508000 -14732000 0 2 0
L 584200 -14732000 228600 0 2 0 1 0 GND_11
A 355600 -14681200 203200 0 9 3 #=59
A 0 0 9 0 3 0 PINTYPE=BI
P 60 0 -14986000 508000 -14986000 0 2 0
L 584200 -14986000 228600 0 2 0 1 0 VBAT_1
A 355600 -14935200 203200 0 9 3 #=60
A 0 0 9 0 3 0 PINTYPE=BI
P 61 7620000 0 7112000 0 0 3 0
L 7035800 0 228600 0 8 0 1 0 GND_12
A 7264400 50800 203200 0 3 3 #=61
A 0 0 9 0 3 0 PINTYPE=BI
P 62 7620000 -254000 7112000 -254000 0 3 0
L 7035800 -254000 228600 0 8 0 1 0 VBAT_2
A 7264400 -203200 203200 0 3 3 #=62
A 0 0 9 0 3 0 PINTYPE=BI
P 63 7620000 -508000 7112000 -508000 0 3 0
L 7035800 -508000 228600 0 8 0 1 0 VBAT_3
A 7264400 -457200 203200 0 3 3 #=63
A 0 0 9 0 3 0 PINTYPE=BI
P 64 7620000 -762000 7112000 -762000 0 3 0
L 7035800 -762000 228600 0 8 0 1 0 GND_13
A 7264400 -711200 203200 0 3 3 #=64
A 0 0 9 0 3 0 PINTYPE=BI
P 65 7620000 -1016000 7112000 -1016000 0 3 0
L 7035800 -1016000 228600 0 8 0 1 0 GND_14
A 7264400 -965200 203200 0 3 3 #=65
A 0 0 9 0 3 0 PINTYPE=BI
P 66 7620000 -1270000 7112000 -1270000 0 3 0
L 7035800 -1270000 228600 0 8 0 1 0 JTAG_TMS
A 7264400 -1219200 203200 0 3 3 #=66
A 0 0 9 0 3 0 PINTYPE=BI
P 67 7620000 -1524000 7112000 -1524000 0 3 0
L 7035800 -1524000 228600 0 8 0 1 0 JTAG_TDI
A 7264400 -1473200 203200 0 3 3 #=67
A 0 0 9 0 3 0 PINTYPE=BI
P 68 7620000 -1778000 7112000 -1778000 0 3 0
L 7035800 -1778000 228600 0 8 0 1 0 JTAG_TDO
A 7264400 -1727200 203200 0 3 3 #=68
A 0 0 9 0 3 0 PINTYPE=BI
P 69 7620000 -2032000 7112000 -2032000 0 3 0
L 7035800 -2032000 228600 0 8 0 1 0 JTAG_TCK
A 7264400 -1981200 203200 0 3 3 #=69
A 0 0 9 0 3 0 PINTYPE=BI
P 70 7620000 -2286000 7112000 -2286000 0 3 0
L 7035800 -2286000 228600 0 8 0 1 0 JTAG_TRSTN
A 7264400 -2235200 203200 0 3 3 #=70
A 0 0 9 0 3 0 PINTYPE=BI
P 71 7620000 -2540000 7112000 -2540000 0 3 0
L 7035800 -2540000 228600 0 8 0 1 0 DNC_4
A 7264400 -2489200 203200 0 3 3 #=71
A 0 0 9 0 3 0 PINTYPE=BI
P 72 7620000 -2794000 7112000 -2794000 0 3 0
L 7035800 -2794000 228600 0 8 0 1 0 ADC1
A 7264400 -2743200 203200 0 3 3 #=72
A 0 0 9 0 3 0 PINTYPE=BI
P 73 7620000 -3048000 7112000 -3048000 0 3 0
L 7035800 -3048000 228600 0 8 0 1 0 SIM0_VCC
A 7264400 -2997200 203200 0 3 3 #=73
A 0 0 9 0 3 0 PINTYPE=BI
P 74 7620000 -3302000 7112000 -3302000 0 3 0
L 7035800 -3302000 228600 0 8 0 1 0 DNC_5
A 7264400 -3251200 203200 0 3 3 #=74
A 0 0 9 0 3 0 PINTYPE=BI
P 75 7620000 -3556000 7112000 -3556000 0 3 0
L 7035800 -3556000 228600 0 8 0 1 0 DNC_6
A 7264400 -3505200 203200 0 3 3 #=75
A 0 0 9 0 3 0 PINTYPE=BI
P 76 7620000 -3810000 7112000 -3810000 0 3 0
L 7035800 -3810000 228600 0 8 0 1 0 DNC_7
A 7264400 -3759200 203200 0 3 3 #=76
A 0 0 9 0 3 0 PINTYPE=BI
P 77 7620000 -4064000 7112000 -4064000 0 3 0
L 7035800 -4064000 228600 0 8 0 1 0 DNC_8
A 7264400 -4013200 203200 0 3 3 #=77
A 0 0 9 0 3 0 PINTYPE=BI
P 78 7620000 -4318000 7112000 -4318000 0 3 0
L 7035800 -4318000 228600 0 8 0 1 0 GND_15
A 7264400 -4267200 203200 0 3 3 #=78
A 0 0 9 0 3 0 PINTYPE=BI
P 79 7620000 -4572000 7112000 -4572000 0 3 0
L 7035800 -4572000 228600 0 8 0 1 0 GND_16
A 7264400 -4521200 203200 0 3 3 #=79
A 0 0 9 0 3 0 PINTYPE=BI
P 80 7620000 -4826000 7112000 -4826000 0 3 0
L 7035800 -4826000 228600 0 8 0 1 0 GND_17
A 7264400 -4775200 203200 0 3 3 #=80
A 0 0 9 0 3 0 PINTYPE=BI
P 81 7620000 -5080000 7112000 -5080000 0 3 0
L 7035800 -5080000 228600 0 8 0 1 0 GND_18
A 7264400 -5029200 203200 0 3 3 #=81
A 0 0 9 0 3 0 PINTYPE=BI
P 82 7620000 -5334000 7112000 -5334000 0 3 0
L 7035800 -5334000 228600 0 8 0 1 0 GND_19
A 7264400 -5283200 203200 0 3 3 #=82
A 0 0 9 0 3 0 PINTYPE=BI
P 83 7620000 -5588000 7112000 -5588000 0 3 0
L 7035800 -5588000 228600 0 8 0 1 0 GND_20
A 7264400 -5537200 203200 0 3 3 #=83
A 0 0 9 0 3 0 PINTYPE=BI
P 84 7620000 -5842000 7112000 -5842000 0 3 0
L 7035800 -5842000 228600 0 8 0 1 0 GND_21
A 7264400 -5791200 203200 0 3 3 #=84
A 0 0 9 0 3 0 PINTYPE=BI
P 85 7620000 -6096000 7112000 -6096000 0 3 0
L 7035800 -6096000 228600 0 8 0 1 0 GND_22
A 7264400 -6045200 203200 0 3 3 #=85
A 0 0 9 0 3 0 PINTYPE=BI
P 86 7620000 -6350000 7112000 -6350000 0 3 0
L 7035800 -6350000 228600 0 8 0 1 0 GND_23
A 7264400 -6299200 203200 0 3 3 #=86
A 0 0 9 0 3 0 PINTYPE=BI
P 87 7620000 -6604000 7112000 -6604000 0 3 0
L 7035800 -6604000 228600 0 8 0 1 0 GND_24
A 7264400 -6553200 203200 0 3 3 #=87
A 0 0 9 0 3 0 PINTYPE=BI
P 88 7620000 -6858000 7112000 -6858000 0 3 0
L 7035800 -6858000 228600 0 8 0 1 0 GND_25
A 7264400 -6807200 203200 0 3 3 #=88
A 0 0 9 0 3 0 PINTYPE=BI
P 89 7620000 -7112000 7112000 -7112000 0 3 0
L 7035800 -7112000 228600 0 8 0 1 0 GND_26
A 7264400 -7061200 203200 0 3 3 #=89
A 0 0 9 0 3 0 PINTYPE=BI
P 90 7620000 -7366000 7112000 -7366000 0 3 0
L 7035800 -7366000 228600 0 8 0 1 0 LTE_ANT
A 7264400 -7315200 203200 0 3 3 #=90
A 0 0 9 0 3 0 PINTYPE=BI
P 91 7620000 -7620000 7112000 -7620000 0 3 0
L 7035800 -7620000 228600 0 8 0 1 0 GND_27
A 7264400 -7569200 203200 0 3 3 #=91
A 0 0 9 0 3 0 PINTYPE=BI
P 92 7620000 -7874000 7112000 -7874000 0 3 0
L 7035800 -7874000 228600 0 8 0 1 0 GND_28
A 7264400 -7823200 203200 0 3 3 #=92
A 0 0 9 0 3 0 PINTYPE=BI
P 93 7620000 -8128000 7112000 -8128000 0 3 0
L 7035800 -8128000 228600 0 8 0 1 0 GND_29
A 7264400 -8077200 203200 0 3 3 #=93
A 0 0 9 0 3 0 PINTYPE=BI
P 94 7620000 -8382000 7112000 -8382000 0 3 0
L 7035800 -8382000 228600 0 8 0 1 0 DNC_9
A 7264400 -8331200 203200 0 3 3 #=94
A 0 0 9 0 3 0 PINTYPE=BI
P 95 7620000 -8636000 7112000 -8636000 0 3 0
L 7035800 -8636000 228600 0 8 0 1 0 GPIO23/_I2C_SDA
A 7264400 -8585200 203200 0 3 3 #=95
A 0 0 9 0 3 0 PINTYPE=BI
P 96 7620000 -8890000 7112000 -8890000 0 3 0
L 7035800 -8890000 228600 0 8 0 1 0 GPIO4/_PCM_CLK
A 7264400 -8839200 203200 0 3 3 #=96
A 0 0 9 0 3 0 PINTYPE=BI
P 97 7620000 -9144000 7112000 -9144000 0 3 0
L 7035800 -9144000 228600 0 8 0 1 0 GPIO24/_I2C_SCL
A 7264400 -9093200 203200 0 3 3 #=97
A 0 0 9 0 3 0 PINTYPE=BI
P 98 7620000 -9398000 7112000 -9398000 0 3 0
L 7035800 -9398000 228600 0 8 0 1 0 GPIO3/_PCM_RXD
A 7264400 -9347200 203200 0 3 3 #=98
A 0 0 9 0 3 0 PINTYPE=BI
P 99 7620000 -9652000 7112000 -9652000 0 3 0
L 7035800 -9652000 228600 0 8 0 1 0 GPIO5/_PCM_FS
A 7264400 -9601200 203200 0 3 3 #=99
A 0 0 9 0 3 0 PINTYPE=BI
P 100 7620000 -9906000 7112000 -9906000 0 3 0
L 7035800 -9906000 228600 0 8 0 1 0 GPIO6/_PCM_TXD
A 7264400 -9855200 203200 0 3 3 #=100
A 0 0 9 0 3 0 PINTYPE=BI
P 101 7620000 -10160000 7112000 -10160000 0 3 0
L 7035800 -10160000 228600 0 8 0 1 0 GND_30
A 7264400 -10109200 203200 0 3 3 #=G1
A 0 0 9 0 3 0 PINTYPE=BI
P 102 7620000 -10414000 7112000 -10414000 0 3 0
L 7035800 -10414000 228600 0 8 0 1 0 GND_31
A 7264400 -10363200 203200 0 3 3 #=G2
A 0 0 9 0 3 0 PINTYPE=BI
P 103 7620000 -10668000 7112000 -10668000 0 3 0
L 7035800 -10668000 228600 0 8 0 1 0 GND_32
A 7264400 -10617200 203200 0 3 3 #=G3
A 0 0 9 0 3 0 PINTYPE=BI
P 104 7620000 -10922000 7112000 -10922000 0 3 0
L 7035800 -10922000 228600 0 8 0 1 0 GND_33
A 7264400 -10871200 203200 0 3 3 #=G4
A 0 0 9 0 3 0 PINTYPE=BI
P 105 7620000 -11176000 7112000 -11176000 0 3 0
L 7035800 -11176000 228600 0 8 0 1 0 GND_34
A 7264400 -11125200 203200 0 3 3 #=G5
A 0 0 9 0 3 0 PINTYPE=BI
P 106 7620000 -11430000 7112000 -11430000 0 3 0
L 7035800 -11430000 228600 0 8 0 1 0 GND_35
A 7264400 -11379200 203200 0 3 3 #=G6
A 0 0 9 0 3 0 PINTYPE=BI
P 107 7620000 -11684000 7112000 -11684000 0 3 0
L 7035800 -11684000 228600 0 8 0 1 0 GND_36
A 7264400 -11633200 203200 0 3 3 #=G7
A 0 0 9 0 3 0 PINTYPE=BI
P 108 7620000 -11938000 7112000 -11938000 0 3 0
L 7035800 -11938000 228600 0 8 0 1 0 GND_37
A 7264400 -11887200 203200 0 3 3 #=G8
A 0 0 9 0 3 0 PINTYPE=BI
P 109 7620000 -12192000 7112000 -12192000 0 3 0
L 7035800 -12192000 228600 0 8 0 1 0 GND_38
A 7264400 -12141200 203200 0 3 3 #=G9
A 0 0 9 0 3 0 PINTYPE=BI
P 110 7620000 -12446000 7112000 -12446000 0 3 0
L 7035800 -12446000 228600 0 8 0 1 0 GND_39
A 7264400 -12395200 203200 0 3 3 #=G10
A 0 0 9 0 3 0 PINTYPE=BI
P 111 7620000 -12700000 7112000 -12700000 0 3 0
L 7035800 -12700000 228600 0 8 0 1 0 GND_40
A 7264400 -12649200 203200 0 3 3 #=G11
A 0 0 9 0 3 0 PINTYPE=BI
P 112 7620000 -12954000 7112000 -12954000 0 3 0
L 7035800 -12954000 228600 0 8 0 1 0 GND_41
A 7264400 -12903200 203200 0 3 3 #=G12
A 0 0 9 0 3 0 PINTYPE=BI
P 113 7620000 -13208000 7112000 -13208000 0 3 0
L 7035800 -13208000 228600 0 8 0 1 0 GND_42
A 7264400 -13157200 203200 0 3 3 #=G13
A 0 0 9 0 3 0 PINTYPE=BI
P 114 7620000 -13462000 7112000 -13462000 0 3 0
L 7035800 -13462000 228600 0 8 0 1 0 GND_43
A 7264400 -13411200 203200 0 3 3 #=G14
A 0 0 9 0 3 0 PINTYPE=BI
P 115 7620000 -13716000 7112000 -13716000 0 3 0
L 7035800 -13716000 228600 0 8 0 1 0 GND_44
A 7264400 -13665200 203200 0 3 3 #=G15
A 0 0 9 0 3 0 PINTYPE=BI
P 116 7620000 -13970000 7112000 -13970000 0 3 0
L 7035800 -13970000 228600 0 8 0 1 0 GND_45
A 7264400 -13919200 203200 0 3 3 #=G16
A 0 0 9 0 3 0 PINTYPE=BI
P 117 7620000 -14224000 7112000 -14224000 0 3 0
L 7035800 -14224000 228600 0 8 0 1 0 GND_46
A 7264400 -14173200 203200 0 3 3 #=G17
A 0 0 9 0 3 0 PINTYPE=BI
P 118 7620000 -14478000 7112000 -14478000 0 3 0
L 7035800 -14478000 228600 0 8 0 1 0 GND_47
A 7264400 -14427200 203200 0 3 3 #=G18
A 0 0 9 0 3 0 PINTYPE=BI
P 119 7620000 -14732000 7112000 -14732000 0 3 0
L 7035800 -14732000 228600 0 8 0 1 0 GND_48
A 7264400 -14681200 203200 0 3 3 #=G19
A 0 0 9 0 3 0 PINTYPE=BI
P 120 7620000 -14986000 7112000 -14986000 0 3 0
L 7035800 -14986000 228600 0 8 0 1 0 GND_49
A 7264400 -14935200 203200 0 3 3 #=G20
A 0 0 9 0 3 0 PINTYPE=BI
E
