V 54
K 1
D 0 -5080000 4572000 4572000
Y 1
U 4191000 4572000 254000 0 2 3 REFDES=IC?
U 4191000 4318000 254000 0 2 3 DEVICE=RAK4630
U 4191000 4064000 254000 0 2 0 PKG_TYPE=RAK4630
U 4191000 3810000 254000 0 2 0 Description=RF IC Transceiver Bluetooth, LoRa 915MHz, 920MHz, 923MHz SPI Interface
U 4191000 3556000 254000 0 2 0 Datasheet Link=https://dl-docs.rakwireless.com/api/render/?emulateScreenMedia=false&pdf.format=legal&url=https%3A%2F%2Fdocs.rakwireless.com%2FProduct-Categories%2FWisDuo%2FRAK4630-Module%2FDatasheet%2F
U 4191000 3302000 254000 0 2 0 Height=3
U 4191000 3048000 254000 0 2 0 Manufacturer_Name=RAK
U 4191000 2794000 254000 0 2 0 Manufacturer_Part_Number=RAK4630
U 4191000 2540000 254000 0 2 0 Mouser Part Number=
U 4191000 2286000 254000 0 2 0 Mouser Price/Stock=
U 4191000 2032000 254000 0 2 0 Arrow Part Number=
U 4191000 1778000 254000 0 2 0 Arrow Price/Stock=
U 0 0 254000 0 1 0 FORWARD_PCB=1
l 5 508000 4064000 4064000 4064000 4064000 -4572000 508000 -4572000 508000 4064000
|GRPHSTL -1 -1 -1 1
P 1 3810000 4572000 3810000 4064000 0 0 0
L 3810000 3987800 228600 1 8 0 1 0 VBUS
A 3759200 4216400 203200 1 3 3 #=1
A 0 0 9 0 3 0 PINTYPE=BI
P 2 3556000 4572000 3556000 4064000 0 0 0
L 3556000 3987800 228600 1 8 0 1 0 USB-
A 3505200 4216400 203200 1 3 3 #=2
A 0 0 9 0 3 0 PINTYPE=BI
P 3 3302000 4572000 3302000 4064000 0 0 0
L 3302000 3987800 228600 1 8 0 1 0 USB+
A 3251200 4216400 203200 1 3 3 #=3
A 0 0 9 0 3 0 PINTYPE=BI
P 4 3048000 4572000 3048000 4064000 0 0 0
L 3048000 3987800 228600 1 8 0 1 0 P0.13/I2C_SDA
A 2997200 4216400 203200 1 3 3 #=4
A 0 0 9 0 3 0 PINTYPE=BI
P 5 2794000 4572000 2794000 4064000 0 0 0
L 2794000 3987800 228600 1 8 0 1 0 P0.14/I2C_SCL
A 2743200 4216400 203200 1 3 3 #=5
A 0 0 9 0 3 0 PINTYPE=BI
P 6 2540000 4572000 2540000 4064000 0 0 0
L 2540000 3987800 228600 1 8 0 1 0 P0.15/UART2_RX
A 2489200 4216400 203200 1 3 3 #=6
A 0 0 9 0 3 0 PINTYPE=BI
P 7 2286000 4572000 2286000 4064000 0 0 0
L 2286000 3987800 228600 1 8 0 1 0 P0.16/UART2_TX
A 2235200 4216400 203200 1 3 3 #=7
A 0 0 9 0 3 0 PINTYPE=BI
P 8 2032000 4572000 2032000 4064000 0 0 0
L 2032000 3987800 228600 1 8 0 1 0 P0.17/UART2_DE
A 1981200 4216400 203200 1 3 3 #=8
A 0 0 9 0 3 0 PINTYPE=BI
P 9 1778000 4572000 1778000 4064000 0 0 0
L 1778000 3987800 228600 1 8 0 1 0 P0.19/UART1_RX_(AT_COMMAND)
A 1727200 4216400 203200 1 3 3 #=9
A 0 0 9 0 3 0 PINTYPE=BI
P 10 1524000 4572000 1524000 4064000 0 0 0
L 1524000 3987800 228600 1 8 0 1 0 P0.20/UART1_TX_(AT_COMMAND)
A 1473200 4216400 203200 1 3 3 #=10
A 0 0 9 0 3 0 PINTYPE=BI
P 11 1270000 4572000 1270000 4064000 0 0 0
L 1270000 3987800 228600 1 8 0 1 0 P0.21/UART1_DE
A 1219200 4216400 203200 1 3 3 #=11
A 0 0 9 0 3 0 PINTYPE=BI
P 12 1016000 4572000 1016000 4064000 0 0 0
L 1016000 3987800 228600 1 8 0 1 0 P0.10/NFC2
A 965200 4216400 203200 1 3 3 #=12
A 0 0 9 0 3 0 PINTYPE=BI
P 13 762000 4572000 762000 4064000 0 0 0
L 762000 3987800 228600 1 8 0 1 0 P0.09/NFC1
A 711200 4216400 203200 1 3 3 #=13
A 0 0 9 0 3 0 PINTYPE=BI
P 14 0 0 508000 0 0 2 0
L 584200 0 228600 0 2 0 1 0 GND_1
A 355600 50800 203200 0 9 3 #=14
A 0 0 9 0 3 0 PINTYPE=BI
P 15 0 -254000 508000 -254000 0 2 0
L 584200 -254000 228600 0 2 0 1 0 RF_BT
A 355600 -203200 203200 0 9 3 #=15
A 0 0 9 0 3 0 PINTYPE=BI
P 16 0 -508000 508000 -508000 0 2 0
L 584200 -508000 228600 0 2 0 1 0 GND_2
A 355600 -457200 203200 0 9 3 #=16
A 0 0 9 0 3 0 PINTYPE=BI
P 17 0 -762000 508000 -762000 0 2 0
L 584200 -762000 228600 0 2 0 1 0 NRF_RESET
A 355600 -711200 203200 0 9 3 #=17
A 0 0 9 0 3 0 PINTYPE=BI
P 18 0 -1016000 508000 -1016000 0 2 0
L 584200 -1016000 228600 0 2 0 1 0 SWDCLK
A 355600 -965200 203200 0 9 3 #=18
A 0 0 9 0 3 0 PINTYPE=BI
P 19 0 -1270000 508000 -1270000 0 2 0
L 584200 -1270000 228600 0 2 0 1 0 SWDIO
A 355600 -1219200 203200 0 9 3 #=19
A 0 0 9 0 3 0 PINTYPE=BI
P 20 0 -1524000 508000 -1524000 0 2 0
L 584200 -1524000 228600 0 2 0 1 0 VBAT_SX
A 355600 -1473200 203200 0 9 3 #=20
A 0 0 9 0 3 0 PINTYPE=BI
P 21 0 -1778000 508000 -1778000 0 2 0
L 584200 -1778000 228600 0 2 0 1 0 VBAT_IO_SX
A 355600 -1727200 203200 0 9 3 #=21
A 0 0 9 0 3 0 PINTYPE=BI
P 22 0 -2032000 508000 -2032000 0 2 0
L 584200 -2032000 228600 0 2 0 1 0 GND_3
A 355600 -1981200 203200 0 9 3 #=22
A 0 0 9 0 3 0 PINTYPE=BI
P 23 762000 -5080000 762000 -4572000 0 1 0
L 762000 -4495800 228600 1 2 0 1 0 P0.24/I2C_SDA_2
A 711200 -4724400 203200 1 9 3 #=23
A 0 0 9 0 3 0 PINTYPE=BI
P 24 1016000 -5080000 1016000 -4572000 0 1 0
L 1016000 -4495800 228600 1 2 0 1 0 P0.25/I2C_SCL_2
A 965200 -4724400 203200 1 9 3 #=24
A 0 0 9 0 3 0 PINTYPE=BI
P 25 1270000 -5080000 1270000 -4572000 0 1 0
L 1270000 -4495800 228600 1 2 0 1 0 P1.01/SW1
A 1219200 -4724400 203200 1 9 3 #=25
A 0 0 9 0 3 0 PINTYPE=BI
P 26 1524000 -5080000 1524000 -4572000 0 1 0
L 1524000 -4495800 228600 1 2 0 1 0 P1.02/SW2
A 1473200 -4724400 203200 1 9 3 #=26
A 0 0 9 0 3 0 PINTYPE=BI
P 27 1778000 -5080000 1778000 -4572000 0 1 0
L 1778000 -4495800 228600 1 2 0 1 0 P1.03/LED1
A 1727200 -4724400 203200 1 9 3 #=27
A 0 0 9 0 3 0 PINTYPE=BI
P 28 2032000 -5080000 2032000 -4572000 0 1 0
L 2032000 -4495800 228600 1 2 0 1 0 P1.04/LED2
A 1981200 -4724400 203200 1 9 3 #=28
A 0 0 9 0 3 0 PINTYPE=BI
P 29 2286000 -5080000 2286000 -4572000 0 1 0
L 2286000 -4495800 228600 1 2 0 1 0 P0.03/QSPI_CLK
A 2235200 -4724400 203200 1 9 3 #=29
A 0 0 9 0 3 0 PINTYPE=BI
P 30 2540000 -5080000 2540000 -4572000 0 1 0
L 2540000 -4495800 228600 1 2 0 1 0 P0.02/QSPI_DIO3
A 2489200 -4724400 203200 1 9 3 #=30
A 0 0 9 0 3 0 PINTYPE=BI
P 31 2794000 -5080000 2794000 -4572000 0 1 0
L 2794000 -4495800 228600 1 2 0 1 0 P0.28/QSPI_DIO2
A 2743200 -4724400 203200 1 9 3 #=31
A 0 0 9 0 3 0 PINTYPE=BI
P 32 3048000 -5080000 3048000 -4572000 0 1 0
L 3048000 -4495800 228600 1 2 0 1 0 P0.29/QSPI_DIO1
A 2997200 -4724400 203200 1 9 3 #=32
A 0 0 9 0 3 0 PINTYPE=BI
P 33 3302000 -5080000 3302000 -4572000 0 1 0
L 3302000 -4495800 228600 1 2 0 1 0 P0.30/QSPI_DIO0
A 3251200 -4724400 203200 1 9 3 #=33
A 0 0 9 0 3 0 PINTYPE=BI
P 34 3556000 -5080000 3556000 -4572000 0 1 0
L 3556000 -4495800 228600 1 2 0 1 0 P0.26/QSPI_CS
A 3505200 -4724400 203200 1 9 3 #=34
A 0 0 9 0 3 0 PINTYPE=BI
P 35 3810000 -5080000 3810000 -4572000 0 1 0
L 3810000 -4495800 228600 1 2 0 1 0 GND_4
A 3759200 -4724400 203200 1 9 3 #=35
A 0 0 9 0 3 0 PINTYPE=BI
P 36 4572000 -2032000 4064000 -2032000 0 3 0
L 3987800 -2032000 228600 0 8 0 1 0 GND_5
A 4216400 -1981200 203200 0 3 3 #=36
A 0 0 9 0 3 0 PINTYPE=BI
P 37 4572000 -1778000 4064000 -1778000 0 3 0
L 3987800 -1778000 228600 0 8 0 1 0 RF_LORA
A 4216400 -1727200 203200 0 3 3 #=37
A 0 0 9 0 3 0 PINTYPE=BI
P 38 4572000 -1524000 4064000 -1524000 0 3 0
L 3987800 -1524000 228600 0 8 0 1 0 GND_6
A 4216400 -1473200 203200 0 3 3 #=38
A 0 0 9 0 3 0 PINTYPE=BI
P 39 4572000 -1270000 4064000 -1270000 0 3 0
L 3987800 -1270000 228600 0 8 0 1 0 P0.31/AIN7
A 4216400 -1219200 203200 0 3 3 #=39
A 0 0 9 0 3 0 PINTYPE=BI
P 40 4572000 -1016000 4064000 -1016000 0 3 0
L 3987800 -1016000 228600 0 8 0 1 0 P0.05/AIN3
A 4216400 -965200 203200 0 3 3 #=40
A 0 0 9 0 3 0 PINTYPE=BI
P 41 4572000 -762000 4064000 -762000 0 3 0
L 3987800 -762000 228600 0 8 0 1 0 P0.04/AIN2
A 4216400 -711200 203200 0 3 3 #=41
A 0 0 9 0 3 0 PINTYPE=BI
P 42 4572000 -508000 4064000 -508000 0 3 0
L 3987800 -508000 228600 0 8 0 1 0 GND_7
A 4216400 -457200 203200 0 3 3 #=42
A 0 0 9 0 3 0 PINTYPE=BI
P 43 4572000 -254000 4064000 -254000 0 3 0
L 3987800 -254000 228600 0 8 0 1 0 VDD_NRF
A 4216400 -203200 203200 0 3 3 #=43
A 0 0 9 0 3 0 PINTYPE=BI
P 44 4572000 0 4064000 0 0 3 0
L 3987800 0 228600 0 8 0 1 0 VBAT_NRF
A 4216400 50800 203200 0 3 3 #=44
A 0 0 9 0 3 0 PINTYPE=BI
E
